Algeria	151.36 4600 1
Argentina	232.75 11000 4
Armenia	129.18 1200 1
Australia	119.8 175000 44
Austria	118.06 75400 11
Bahrain	117.59 1500 1
Belgium	117.11 41200 3
Brazil	167.4 104800 44
Cambodia	127.63 2800 1
Canada	116.76 175300 43
Chile	131.91 36400 6
China	125.08 1847600 529
Colombia	140.95 6400 1
Cyprus	102.51 9600 5
Czech Republic	116.48 50800 8
Denmark	110.35 40900 7
Egypt	288.57 13500 4
Finland	112.33 14000 7
France	110.05 505900 36
Georgia	133.61 4900 1
Germany	112.85 462100 102
Greece	101.87 9100 3
Hungary	121.64 3900 3
India	180.44 634600 160
Indonesia	151.18 123900 25
Israel	108.15 72500 26
Italy	110.62 156900 55
Japan	105.48 146800 38
Kazakhstan	182.75 26300 7
Latvia	116.86 4200 1
Lebanon	130.02 5600 2
Luxembourg	115.09 3500 1
Malaysia	121.46 33100 11
Mexico	141.54 165700 13
Morocco	111.07 2800 2
Nepal	188.73 1800 1
Netherlands	115.91 24700 10
New Zealand	114.24 10100 2
Nigeria	267.51 28500 3
Norway	120.27 27100 9
Oman	113.53 2700 1
Peru	129.78 2500 2
Philippines	129.61 41400 14
Poland	114.11 18300 5
Portugal	110.62 4700 1
Qatar	115.38 3000 2
Romania	123.78 4800 3
Russia	180.75 351000 79
Singapore	114.41 138000 46
Slovakia	115.34 3100 2
South Africa	158.93 25600 5
South Korea	115.16 81400 29
Spain	110.96 133700 25
Sweden	110.51 92900 28
Switzerland	99.55 409900 78
Tanzania	187.43 1500 1
Thailand	113.27 100700 28
Turkey	234.44 55700 25
Ukraine	281.66 12600 6
United Arab Emirates	114.52 99400 17
United Kingdom	119.62 378300 84
United States	117.24 4586400 757
Uruguay	202.92 1800 1
Vietnam	163.52 12600 6
